materials = {'emerald': ((.0215 ,.1745 ,.0215 ), (.07568 ,.61424 ,.07568 ), (.633 ,.727811 ,.633 ), .6, (1, 1, 1)),
'jade': ((.135 ,.2225 ,.1575 ), (.54 ,.89 ,.63 ), (.316228 ,.316228 ,.316228 ), .1, (1, 1, 1)),
'obsidian': ((.05375 ,.05 ,.06625 ), (.18275 ,.17 ,.22525 ), (.332741 ,.328634 ,.346435 ), .3, (1, 1, 1)),
'pearl': ((.25 ,.20725 ,.20725 ), (1 ,.829 ,.829 ), (.296648 ,.296648 ,.296648 ), .088, (1, 1, 1)),
'ruby': ((.1745 ,.01175 ,.01175 ), (.61424 ,.04136 ,.04136 ), (.727811 ,.626959 ,.626959 ), .6, (1, 1, 1)),
'turquoise': ((.1 ,.18725 ,.1745 ), (.396 ,.74151 ,.69102 ), (.297254 ,.30829 ,.306678 ), .1, (1, 1, 1)),
'brass': ((.329412 ,.223529 ,.027451 ), (.780392 ,.568627 ,.113725 ), (.992157 ,.941176 ,.807843 ), .21794872, (1, 1, 1)),
'bronze': ((.2125 ,.1275 ,.054 ), (.714 ,.4284 ,.18144 ), (.393548 ,.271906 ,.166721 ), .2, (1, 1, 1)),
'chrome': ((.25 ,.25 ,.25 ), (.4 ,.4 ,.4 ), (.774597 ,.774597 ,.774597 ), .6, (1, 1, 1)),
'copper': ((.19125 ,.0735 ,.0225 ), (.7038 ,.27048 ,.0828 ), (.256777 ,.137622 ,.086014 ), .1, (1, 1, 1)),
'gold': ((.24725 ,.1995 ,.0745 ), (.75164 ,.60648 ,.22648 ), (.628281 ,.555802 ,.366065 ), .4, (1, 1, 1)),
'silver': ((.19225 ,.19225 ,.19225 ), (.50754 ,.50754 ,.50754 ), (.508273 ,.508273 ,.508273 ), .4, (1, 1, 1)),
'black plastic': ((.0 ,.0 ,.0 ), (.01 ,.01 ,.01 ), (.50 ,.50 ,.50 ), .25, (1, 1, 1)),
'cyan plastic': ((.0 ,.1 ,.06 ), (.0 ,.50980392 ,.50980392 ), (.50196078 ,.50196078 ,.50196078 ), .25, (1, 1, 1)),
'green plastic': ((.0 ,.0 ,.0 ), (.1 ,.35 ,.1 ), (.45 ,.55 ,.45 ), .25, (1, 1, 1)),
'red plastic': ((.0 ,.0 ,.0 ), (.5 ,.0 ,.0 ), (.7 ,.6 ,.6 ), .25, (1, 1, 1)),
'white plastic': ((.0 ,.0 ,.0 ), (.55 ,.55 ,.55 ), (.70 ,.70 ,.70 ), .25, (1, 1, 1)),
'yellow plastic': ((.0 ,.0 ,.0 ), (.5 ,.5 ,.0 ), (.60 ,.60 ,.50 ), .25, (1, 1, 1)),
'black rubber': ((.02 ,.02 ,.02 ), (.01 ,.01 ,.01 ), (.4 ,.4 ,.4 ), .078125, (1, 1, 1)),
'cyan rubber': ((.0 ,.05 ,.05 ), (.4 ,.5 ,.5 ), (.04 ,.7 ,.7 ), .078125, (1, 1, 1)),
'green rubber': ((.0 ,.05 ,.0 ), (.4 ,.5 ,.4 ), (.04 ,.7 ,.04 ), .078125, (1, 1, 1)),
'red rubber': ((.05 ,.0 ,.0 ), (.5 ,.4 ,.4 ), (.7 ,.04 ,.04 ), .078125, (1, 1, 1)),
'white rubber': ((.05 ,.05 ,.05 ), (.5 ,.5 ,.5 ), (.7 ,.7 ,.7 ), .078125, (1, 1, 1)),
'yellow rubber': ((.05 ,.05 ,.0 ), (.5 ,.5 ,.4 ), (.7 ,.7 ,.04 ), .078125, (1, 1, 1))}